40
0 55 70 46 35 2 9 55 62 98 47 37 42 19 94 67 47 60 98 57 3 24 48 71 0 19 88 60 66 0 72 1 69 4 90 82 50 15 97 63
55 0 11 49 12 19 66 42 74 94 100 21 67 39 76 25 5 32 27 5 67 46 37 30 11 58 87 66 72 35 71 4 1 8 4 45 97 54 95 79
70 11 0 47 52 55 86 55 12 16 54 76 6 4 44 74 69 49 92 20 11 27 3 68 81 98 29 66 87 74 6 68 80 96 56 29 11 49 60 56
46 49 47 0 100 21 55 20 78 97 68 2 54 84 90 2 52 7 74 15 80 74 30 12 55 79 16 87 97 28 90 86 7 76 38 66 0 50 42 83
35 12 52 100 0 18 70 51 57 24 87 5 71 60 32 55 0 56 35 100 45 76 8 16 28 60 16 80 91 2 98 76 21 8 10 95 70 90 69 39
2 19 55 21 18 0 41 23 76 38 37 18 9 58 49 75 23 67 83 75 63 36 20 69 83 54 100 6 14 17 91 28 70 77 85 34 80 31 18 50
9 66 86 55 70 41 0 87 27 48 72 13 94 59 94 61 74 12 27 93 28 4 56 77 32 83 39 62 58 72 52 87 53 50 3 23 33 58 27 88
55 42 55 20 51 23 87 0 6 45 21 83 66 13 32 98 65 20 24 17 26 78 91 99 67 58 86 51 95 81 13 97 57 89 11 87 19 15 99 95
62 74 12 78 57 76 27 6 0 35 60 69 26 72 95 70 42 97 5 73 47 48 27 75 76 100 42 95 66 49 50 27 59 68 12 52 68 67 34 21
98 94 16 97 24 38 48 45 35 0 90 68 47 64 42 43 32 22 2 73 64 33 1 54 75 11 40 66 25 32 32 6 42 4 19 62 23 80 28 37
47 100 54 68 87 37 72 21 60 90 0 81 42 36 66 13 36 38 86 76 60 82 51 67 35 39 47 17 12 92 77 15 89 88 65 77 23 98 10 5
37 21 76 2 5 18 13 83 69 68 81 0 94 67 93 67 28 37 6 14 54 31 58 17 30 43 81 66 89 21 32 10 75 62 25 27 27 4 34 47
42 67 6 54 71 9 94 66 26 47 42 94 0 15 30 87 99 6 28 96 76 87 15 80 23 82 15 92 79 22 72 85 34 76 7 21 47 54 66 59
19 39 4 84 60 58 59 13 72 64 36 67 15 0 40 96 33 75 75 93 73 13 77 86 27 69 69 21 45 74 58 20 79 42 13 9 98 0 100 11
94 76 44 90 32 49 94 32 95 42 66 93 30 40 0 0 86 43 49 13 83 47 81 24 21 17 0 84 27 87 89 88 86 36 81 65 84 17 16 23
67 25 74 2 55 75 61 98 70 43 13 67 87 96 0 0 83 3 19 84 64 36 3 80 58 91 21 83 61 89 77 99 13 94 80 36 82 7 63 28
47 5 69 52 0 23 74 65 42 32 36 28 99 33 86 83 0 43 26 27 17 77 46 25 55 33 86 29 45 56 31 29 83 97 17 10 90 49 18 55
60 32 49 7 56 67 12 20 97 22 38 37 6 75 43 3 43 0 37 41 87 79 82 29 31 39 12 66 48 49 29 78 99 32 95 24 84 87 68 22
98 27 92 74 35 83 27 24 5 2 86 6 28 75 49 19 26 37 0 33 71 17 77 74 62 5 28 64 96 86 5 95 14 10 78 62 91 99 68 21
57 5 20 15 100 75 93 17 73 73 76 14 96 93 13 84 27 41 33 0 18 47 83 9 38 47 69 49 79 87 56 10 67 47 24 29 19 17 24 34
3 67 11 80 45 63 28 26 47 64 60 54 76 73 83 64 17 87 71 18 0 54 42 88 34 16 52 63 9 59 84 36 72 53 32 56 94 99 88 72
24 46 27 74 76 36 4 78 48 33 82 31 87 13 47 36 77 79 17 47 54 0 82 3 29 94 26 31 13 42 3 53 68 76 66 4 23 62 54 19
48 37 3 30 8 20 56 91 27 1 51 58 15 77 81 3 46 82 77 83 42 82 0 50 20 98 1 1 7 36 70 93 55 77 93 92 5 76 89 57
71 30 68 12 16 69 77 99 75 54 67 17 80 86 24 80 25 29 74 9 88 3 50 0 60 23 3 92 5 0 26 61 86 17 33 20 97 100 2 11
0 11 81 55 28 83 32 67 76 75 35 30 23 27 21 58 55 31 62 38 34 29 20 60 0 85 30 8 66 39 71 36 80 74 66 19 97 28 21 9
19 58 98 79 60 54 83 58 100 11 39 43 82 69 17 91 33 39 5 47 16 94 98 23 85 0 42 76 89 19 87 60 37 65 96 47 67 17 97 23
88 87 29 16 16 100 39 86 42 40 47 81 15 69 0 21 86 12 28 69 52 26 1 3 30 42 0 25 85 54 43 75 53 19 33 56 7 58 81 55
60 66 66 87 80 6 62 51 95 66 17 66 92 21 84 83 29 66 64 49 63 31 1 92 8 76 25 0 11 8 36 66 90 62 36 0 75 3 48 91
66 72 87 97 91 14 58 95 66 25 12 89 79 45 27 61 45 48 96 79 9 13 7 5 66 89 85 11 0 28 89 56 88 62 45 25 25 21 0 60
0 35 74 28 2 17 72 81 49 32 92 21 22 74 87 89 56 49 86 87 59 42 36 0 39 19 54 8 28 0 8 96 0 89 52 38 7 4 19 87
72 71 6 90 98 91 52 13 50 32 77 32 72 58 89 77 31 29 5 56 84 3 70 26 71 87 43 36 89 8 0 24 19 95 30 6 87 52 64 37
1 4 68 86 76 28 87 97 27 6 15 10 85 20 88 99 29 78 95 10 36 53 93 61 36 60 75 66 56 96 24 0 4 95 84 20 34 95 3 82
69 1 80 7 21 70 53 57 59 42 89 75 34 79 86 13 83 99 14 67 72 68 55 86 80 37 53 90 88 0 19 4 0 34 0 0 38 82 78 92
4 8 96 76 8 77 50 89 68 4 88 62 76 42 36 94 97 32 10 47 53 76 77 17 74 65 19 62 62 89 95 95 34 0 23 79 28 41 93 52
90 4 56 38 10 85 3 11 12 19 65 25 7 13 81 80 17 95 78 24 32 66 93 33 66 96 33 36 45 52 30 84 0 23 0 89 48 13 90 9
82 45 29 66 95 34 23 87 52 62 77 27 21 9 65 36 10 24 62 29 56 4 92 20 19 47 56 0 25 38 6 20 0 79 89 0 25 71 78 54
50 97 11 0 70 80 33 19 68 23 23 27 47 98 84 82 90 84 91 19 94 23 5 97 97 67 7 75 25 7 87 34 38 28 48 25 0 55 25 86
15 54 49 50 90 31 58 15 67 80 98 4 54 0 17 7 49 87 99 17 99 62 76 100 28 17 58 3 21 4 52 95 82 41 13 71 55 0 26 55
97 95 60 42 69 18 27 99 34 28 10 34 66 100 16 63 18 68 68 24 88 54 89 2 21 97 81 48 0 19 64 3 78 93 90 78 25 26 0 91
63 79 56 83 39 50 88 95 21 37 5 47 59 11 23 28 55 22 21 34 72 19 57 11 9 23 55 91 60 87 37 82 92 52 9 54 86 55 91 0
BBRBRRRBBRBBRBRRRRRBRBRRRBBRRBBRBBBRBRBB