50
0 59 79 48 40 0 5 100 33 19 93 58 80 23 97 29 75 31 84 29 57 64 50 54 33 50 78 39 63 44 78 53 66 61 31 64 59 73 55 46 99 78 10 60 22 49 96 89 25 5 
59 0 95 98 59 99 4 58 78 55 57 33 79 39 13 91 19 51 66 44 12 62 27 7 9 0 32 63 41 78 94 60 25 72 12 38 72 67 10 64 7 34 62 75 69 8 58 48 82 54 
79 95 0 50 8 86 31 15 50 10 37 4 68 88 91 29 54 58 16 83 49 69 27 28 69 20 72 1 6 49 4 92 24 2 31 44 19 48 80 93 64 26 5 53 64 15 26 91 76 2 
48 98 50 0 79 28 5 29 50 29 79 6 97 91 12 69 6 90 64 31 63 90 56 37 31 39 2 31 88 10 89 46 68 51 24 33 53 83 80 92 11 30 15 74 7 96 25 57 74 81 
40 59 8 79 0 6 36 36 68 55 29 29 100 6 55 50 90 10 15 66 51 28 22 8 89 6 65 80 82 38 74 67 95 88 52 67 96 31 52 80 57 39 35 72 84 53 70 49 10 22 
0 99 86 28 6 0 8 42 1 50 13 25 89 22 35 40 66 69 1 27 29 75 79 60 77 87 13 44 91 32 99 30 38 91 41 92 0 68 26 53 75 86 33 84 39 97 90 18 19 9 
5 4 31 5 36 8 0 8 56 82 43 57 54 24 19 30 91 87 30 27 0 36 28 29 32 8 69 83 39 17 3 31 13 24 33 46 10 100 88 66 24 70 10 24 20 60 88 4 95 8 
100 58 15 29 36 42 8 0 35 60 73 23 45 84 79 78 53 95 29 77 73 66 52 91 65 27 34 65 36 80 66 69 90 87 70 23 4 59 57 65 1 97 72 61 88 28 32 48 91 73 
33 78 50 50 68 1 56 35 0 65 59 76 52 2 3 20 69 33 79 97 83 26 50 54 81 24 39 34 83 33 6 12 69 6 88 54 4 78 55 90 71 56 94 65 45 57 48 37 48 65 
19 55 10 29 55 50 82 60 65 0 56 52 77 24 13 96 100 79 97 55 44 62 59 79 99 66 39 31 60 74 32 1 34 44 98 38 97 1 100 32 45 33 97 95 20 61 72 42 69 2 
93 57 37 79 29 13 43 73 59 56 0 34 40 56 19 92 23 78 85 33 92 46 52 67 58 44 29 15 5 47 12 39 79 86 49 29 81 5 79 60 3 44 57 23 95 81 72 89 93 88 
58 33 4 6 29 25 57 23 76 52 34 0 94 68 99 23 21 31 10 88 86 20 54 83 62 86 100 20 34 79 20 39 7 67 6 65 96 34 26 82 17 86 19 14 67 82 85 94 23 35 
80 79 68 97 100 89 54 45 52 77 40 94 0 39 66 29 1 20 30 90 92 44 52 11 45 29 17 47 87 33 27 37 8 33 83 30 38 79 4 29 12 95 63 77 14 94 89 7 0 54 
23 39 88 91 6 22 24 84 2 24 56 68 39 0 25 14 29 6 33 10 63 74 36 82 94 40 13 61 23 55 78 55 5 70 77 50 67 3 49 45 82 10 40 46 3 21 78 78 75 70 
97 13 91 12 55 35 19 79 3 13 19 99 66 25 0 42 66 85 11 96 59 73 49 6 74 16 44 5 9 48 44 17 38 27 5 92 1 9 89 98 50 57 71 39 66 43 51 33 22 71 
29 91 29 69 50 40 30 78 20 96 92 23 29 14 42 0 65 7 36 42 92 63 31 2 98 53 67 46 66 22 54 37 37 74 10 35 75 27 58 96 34 78 86 30 37 29 61 33 86 30 
75 19 54 6 90 66 91 53 69 100 23 21 1 29 66 65 0 57 25 47 37 1 96 17 20 48 37 54 93 55 22 8 7 36 15 48 95 85 2 28 86 26 32 30 23 14 67 88 72 26 
31 51 58 90 10 69 87 95 33 79 78 31 20 6 85 7 57 0 49 81 28 74 52 88 5 64 5 59 17 65 33 35 79 40 54 39 50 27 9 51 19 84 67 79 55 96 86 31 21 56 
84 66 16 64 15 1 30 29 79 97 85 10 30 33 11 36 25 49 0 64 35 49 54 73 16 96 56 19 78 25 97 1 8 2 38 83 20 66 43 59 22 17 19 58 86 60 7 19 16 85 
29 44 83 31 66 27 27 77 97 55 33 88 90 10 96 42 47 81 64 0 32 88 83 11 100 8 0 3 67 86 45 45 10 73 35 84 78 53 27 16 35 88 42 81 26 36 30 36 45 16 
57 12 49 63 51 29 0 73 83 44 92 86 92 63 59 92 37 28 35 32 0 99 40 29 99 76 8 72 23 83 84 35 68 29 19 23 12 88 59 80 75 19 73 42 88 99 86 58 74 74 
64 62 69 90 28 75 36 66 26 62 46 20 44 74 73 63 1 74 49 88 99 0 76 41 4 32 76 39 94 88 9 36 49 96 93 56 70 31 1 16 49 48 62 24 75 7 7 31 32 60 
50 27 27 56 22 79 28 52 50 59 52 54 52 36 49 31 96 52 54 83 40 76 0 46 76 10 85 79 67 33 75 9 49 28 13 48 3 46 73 51 64 20 96 35 32 65 65 81 77 93 
54 7 28 37 8 60 29 91 54 79 67 83 11 82 6 2 17 88 73 11 29 41 46 0 17 84 33 48 82 97 74 70 94 2 83 53 99 18 6 13 0 25 25 77 9 34 18 1 22 87 
33 9 69 31 89 77 32 65 81 99 58 62 45 94 74 98 20 5 16 100 99 4 76 17 0 98 23 76 73 20 1 88 52 78 75 33 51 3 77 23 99 71 33 49 55 22 37 100 11 97 
50 0 20 39 6 87 8 27 24 66 44 86 29 40 16 53 48 64 96 8 76 32 10 84 98 0 91 52 18 74 96 90 59 41 70 34 69 98 97 71 97 40 85 36 0 40 90 4 7 23 
78 32 72 2 65 13 69 34 39 39 29 100 17 13 44 67 37 5 56 0 8 76 85 33 23 91 0 5 76 80 36 8 56 89 8 92 13 28 88 51 78 53 34 44 11 65 92 46 32 27 
39 63 1 31 80 44 83 65 34 31 15 20 47 61 5 46 54 59 19 3 72 39 79 48 76 52 5 0 85 76 91 6 41 0 63 14 79 76 55 34 83 81 73 63 82 42 77 36 14 4 
63 41 6 88 82 91 39 36 83 60 5 34 87 23 9 66 93 17 78 67 23 94 67 82 73 18 76 85 0 36 26 60 35 64 4 77 41 61 52 92 69 80 2 89 63 72 96 70 71 78 
44 78 49 10 38 32 17 80 33 74 47 79 33 55 48 22 55 65 25 86 83 88 33 97 20 74 80 76 36 0 4 22 85 63 81 42 92 28 66 2 8 86 12 42 30 5 90 87 72 1 
78 94 4 89 74 99 3 66 6 32 12 20 27 78 44 54 22 33 97 45 84 9 75 74 1 96 36 91 26 4 0 89 6 42 99 28 88 2 61 92 73 46 96 65 74 92 64 19 16 69 
53 60 92 46 67 30 31 69 12 1 39 39 37 55 17 37 8 35 1 45 35 36 9 70 88 90 8 6 60 22 89 0 41 14 45 26 2 48 27 60 90 7 43 8 34 3 80 0 90 65 
66 25 24 68 95 38 13 90 69 34 79 7 8 5 38 37 7 79 8 10 68 49 49 94 52 59 56 41 35 85 6 41 0 80 1 2 70 53 1 34 92 37 53 6 78 34 100 26 38 64 
61 72 2 51 88 91 24 87 6 44 86 67 33 70 27 74 36 40 2 73 29 96 28 2 78 41 89 0 64 63 42 14 80 0 98 96 64 3 64 84 52 37 4 50 82 59 14 4 49 81 
31 12 31 24 52 41 33 70 88 98 49 6 83 77 5 10 15 54 38 35 19 93 13 83 75 70 8 63 4 81 99 45 1 98 0 32 48 15 45 51 64 46 62 84 27 42 17 24 4 74 
64 38 44 33 67 92 46 23 54 38 29 65 30 50 92 35 48 39 83 84 23 56 48 53 33 34 92 14 77 42 28 26 2 96 32 0 86 69 2 46 32 46 64 33 10 38 97 54 72 100 
59 72 19 53 96 0 10 4 4 97 81 96 38 67 1 75 95 50 20 78 12 70 3 99 51 69 13 79 41 92 88 2 70 64 48 86 0 40 71 0 19 41 12 5 36 71 85 99 39 78 
73 67 48 83 31 68 100 59 78 1 5 34 79 3 9 27 85 27 66 53 88 31 46 18 3 98 28 76 61 28 2 48 53 3 15 69 40 0 21 40 5 100 71 13 58 46 91 18 25 28 
55 10 80 80 52 26 88 57 55 100 79 26 4 49 89 58 2 9 43 27 59 1 73 6 77 97 88 55 52 66 61 27 1 64 45 2 71 21 0 45 12 41 56 60 64 99 31 28 89 1 
46 64 93 92 80 53 66 65 90 32 60 82 29 45 98 96 28 51 59 16 80 16 51 13 23 71 51 34 92 2 92 60 34 84 51 46 0 40 45 0 19 18 59 0 51 99 33 12 31 19 
99 7 64 11 57 75 24 1 71 45 3 17 12 82 50 34 86 19 22 35 75 49 64 0 99 97 78 83 69 8 73 90 92 52 64 32 19 5 12 19 0 85 73 95 66 25 24 77 65 96 
78 34 26 30 39 86 70 97 56 33 44 86 95 10 57 78 26 84 17 88 19 48 20 25 71 40 53 81 80 86 46 7 37 37 46 46 41 100 41 18 85 0 37 65 55 30 73 100 4 88 
10 62 5 15 35 33 10 72 94 97 57 19 63 40 71 86 32 67 19 42 73 62 96 25 33 85 34 73 2 12 96 43 53 4 62 64 12 71 56 59 73 37 0 94 54 4 57 7 20 96 
60 75 53 74 72 84 24 61 65 95 23 14 77 46 39 30 30 79 58 81 42 24 35 77 49 36 44 63 89 42 65 8 6 50 84 33 5 13 60 0 95 65 94 0 89 27 79 64 0 24 
22 69 64 7 84 39 20 88 45 20 95 67 14 3 66 37 23 55 86 26 88 75 32 9 55 0 11 82 63 30 74 34 78 82 27 10 36 58 64 51 66 55 54 89 0 85 15 87 80 11 
49 8 15 96 53 97 60 28 57 61 81 82 94 21 43 29 14 96 60 36 99 7 65 34 22 40 65 42 72 5 92 3 34 59 42 38 71 46 99 99 25 30 4 27 85 0 13 69 38 45 
96 58 26 25 70 90 88 32 48 72 72 85 89 78 51 61 67 86 7 30 86 7 65 18 37 90 92 77 96 90 64 80 100 14 17 97 85 91 31 33 24 73 57 79 15 13 0 1 16 38 
89 48 91 57 49 18 4 48 37 42 89 94 7 78 33 33 88 31 19 36 58 31 81 1 100 4 46 36 70 87 19 0 26 4 24 54 99 18 28 12 77 100 7 64 87 69 1 0 14 48 
25 82 76 74 10 19 95 91 48 69 93 23 0 75 22 86 72 21 16 45 74 32 77 22 11 7 32 14 71 72 16 90 38 49 4 72 39 25 89 31 65 4 20 0 80 38 16 14 0 62 
5 54 2 81 22 9 8 73 65 2 88 35 54 70 71 30 26 56 85 16 74 60 93 87 97 23 27 4 78 1 69 65 64 81 74 100 78 28 1 19 96 88 96 24 11 45 38 48 62 0 
BBBRRBBRRBBBBRRRBRBRBRBRRRRBBRRRRBBRBBBRRRBRBBRRBB